{"nbformat":4,"nbformat_minor":0,"metadata":{"colab":{"provenance":[],"authorship_tag":"ABX9TyMiuVgCxOJreVn3c8eY1EeV"},"kernelspec":{"name":"python3","display_name":"Python 3"},"language_info":{"name":"python"}},"cells":[{"cell_type":"code","execution_count":13,"metadata":{"colab":{"base_uri":"https://localhost:8080/"},"id":"83OgRzMUaJyh","executionInfo":{"status":"ok","timestamp":1701267780384,"user_tz":-420,"elapsed":4770,"user":{"displayName":"Andrei Yakovlev","userId":"16152126144074724447"}},"outputId":"a2eaad08-49fd-4140-eaea-8ddd95f2a17c"},"outputs":[{"output_type":"stream","name":"stdout","text":["Drive already mounted at /content/drive; to attempt to forcibly remount, call drive.mount(\"/content/drive\", force_remount=True).\n","/content/drive/MyDrive/Colab Notebooks/data_enginer/ML\n"]}],"source":["import pandas as pd\n","import numpy as np\n","import seaborn\n","import matplotlib.pyplot as plt\n","from google.colab import drive\n","drive.mount('/content/drive')\n","%cd /content/drive/MyDrive/Colab Notebooks/data_enginer/ML/\n","\n","pd.set_option('display.max_rows', 500)\n","pd.set_option('display.max_columns', 500)\n","pd.set_option('display.width', 1000)"]},{"cell_type":"markdown","source":["## Задание 1"],"metadata":{"id":"zv9eIOx3dAqm"}},{"cell_type":"code","source":["df = pd.read_csv('dataset_0.csv')"],"metadata":{"id":"Az4IxX5Oa3f4","executionInfo":{"status":"ok","timestamp":1701267124855,"user_tz":-420,"elapsed":3,"user":{"displayName":"Andrei Yakovlev","userId":"16152126144074724447"}}},"execution_count":3,"outputs":[]},{"cell_type":"code","source":["df.describe().T"],"metadata":{"colab":{"base_uri":"https://localhost:8080/","height":739},"id":"-d7_L-osbENO","executionInfo":{"status":"ok","timestamp":1701267147746,"user_tz":-420,"elapsed":7,"user":{"displayName":"Andrei Yakovlev","userId":"16152126144074724447"}},"outputId":"597bdc2a-109e-4b5c-92f6-cef8c464befe"},"execution_count":5,"outputs":[{"output_type":"execute_result","data":{"text/plain":["             count      mean       std        min       25%       50%       75%        max\n","feature_0   1014.0 -2.992791  4.586396 -18.683715 -5.375026 -0.712725  0.294861   3.571550\n","feature_1   1014.0  0.354827  1.242543  -3.681904 -0.390112  0.228473  0.966569   5.228342\n","feature_2   1014.0 -2.724893  5.773157 -43.557242 -3.001561 -0.660930  0.264393   5.802537\n","feature_3   1014.0  0.503945  0.500231   0.000000  0.000000  1.000000  1.000000   1.000000\n","feature_4   1014.0  0.989091  0.995562   0.000605  0.303611  0.646654  1.339636   8.114341\n","feature_5   1014.0 -3.229856  5.915039 -25.162799 -5.159559 -0.476880  0.248068   7.297706\n","feature_6   1014.0 -1.229476  2.292950 -13.434066 -2.189485 -0.643656  0.204153   3.353525\n","feature_7   1014.0 -1.590139  4.132736 -22.105532 -1.752688 -0.499267  0.441035  11.095089\n","feature_8   1014.0 -1.081217  2.389788  -9.498746 -1.752294 -0.355370  0.384618   3.790316\n","feature_9   1014.0  2.205249  3.155064  -4.215801 -0.102771  1.231877  4.071282  12.114672\n","feature_10  1014.0 -3.401591  6.174194 -31.103685 -5.030390 -1.197893  0.373595   3.114495\n","feature_11  1014.0 -0.661382  1.700004  -6.406267 -1.440973 -0.572836  0.101877   6.474115\n","feature_12  1014.0 -2.760227  4.475152 -24.588262 -4.480683 -0.783432  0.049302   4.150702\n","feature_13  1014.0  0.015963  1.192976  -1.986303 -1.027719 -0.004444  1.067758   1.995652\n","feature_14  1014.0 -3.345965  4.654731 -19.214325 -6.570346 -0.819611  0.159993   5.126970\n","feature_15  1014.0 -2.240641  5.474686 -30.552380 -2.630179 -0.753968  1.083459   2.342655\n","feature_16  1014.0 -2.025119  3.440127 -14.129855 -3.305630 -0.668295  0.288640   3.522100\n","feature_17  1014.0 -0.063099  1.019954  -3.507702 -0.759453 -0.113116  0.667593   3.198508\n","feature_18  1014.0  1.802130  3.602771  -8.402154 -0.167628  0.962931  2.720325  22.057729\n","feature_19  1014.0  1.852025  2.753251  -4.034718 -0.203044  1.066049  3.530596  12.018913\n","feature_20  1014.0  0.517751  0.499931   0.000000  0.000000  1.000000  1.000000   1.000000\n","class       1014.0  0.485207  0.500028   0.000000  0.000000  0.000000  1.000000   1.000000"],"text/html":["\n","  <div id=\"df-1b2c914c-682c-409f-8416-87a4c8f13ca6\" class=\"colab-df-container\">\n","    <div>\n","<style scoped>\n","    .dataframe tbody tr th:only-of-type {\n","        vertical-align: middle;\n","    }\n","\n","    .dataframe tbody tr th {\n","        vertical-align: top;\n","    }\n","\n","    .dataframe thead th {\n","        text-align: right;\n","    }\n","</style>\n","<table border=\"1\" class=\"dataframe\">\n","  <thead>\n","    <tr style=\"text-align: right;\">\n","      <th></th>\n","      <th>count</th>\n","      <th>mean</th>\n","      <th>std</th>\n","      <th>min</th>\n","      <th>25%</th>\n","      <th>50%</th>\n","      <th>75%</th>\n","      <th>max</th>\n","    </tr>\n","  </thead>\n","  <tbody>\n","    <tr>\n","      <th>feature_0</th>\n","      <td>1014.0</td>\n","      <td>-2.992791</td>\n","      <td>4.586396</td>\n","      <td>-18.683715</td>\n","      <td>-5.375026</td>\n","      <td>-0.712725</td>\n","      <td>0.294861</td>\n","      <td>3.571550</td>\n","    </tr>\n","    <tr>\n","      <th>feature_1</th>\n","      <td>1014.0</td>\n","      <td>0.354827</td>\n","      <td>1.242543</td>\n","      <td>-3.681904</td>\n","      <td>-0.390112</td>\n","      <td>0.228473</td>\n","      <td>0.966569</td>\n","      <td>5.228342</td>\n","    </tr>\n","    <tr>\n","      <th>feature_2</th>\n","      <td>1014.0</td>\n","      <td>-2.724893</td>\n","      <td>5.773157</td>\n","      <td>-43.557242</td>\n","      <td>-3.001561</td>\n","      <td>-0.660930</td>\n","      <td>0.264393</td>\n","      <td>5.802537</td>\n","    </tr>\n","    <tr>\n","      <th>feature_3</th>\n","      <td>1014.0</td>\n","      <td>0.503945</td>\n","      <td>0.500231</td>\n","      <td>0.000000</td>\n","      <td>0.000000</td>\n","      <td>1.000000</td>\n","      <td>1.000000</td>\n","      <td>1.000000</td>\n","    </tr>\n","    <tr>\n","      <th>feature_4</th>\n","      <td>1014.0</td>\n","      <td>0.989091</td>\n","      <td>0.995562</td>\n","      <td>0.000605</td>\n","      <td>0.303611</td>\n","      <td>0.646654</td>\n","      <td>1.339636</td>\n","      <td>8.114341</td>\n","    </tr>\n","    <tr>\n","      <th>feature_5</th>\n","      <td>1014.0</td>\n","      <td>-3.229856</td>\n","      <td>5.915039</td>\n","      <td>-25.162799</td>\n","      <td>-5.159559</td>\n","      <td>-0.476880</td>\n","      <td>0.248068</td>\n","      <td>7.297706</td>\n","    </tr>\n","    <tr>\n","      <th>feature_6</th>\n","      <td>1014.0</td>\n","      <td>-1.229476</td>\n","      <td>2.292950</td>\n","      <td>-13.434066</td>\n","      <td>-2.189485</td>\n","      <td>-0.643656</td>\n","      <td>0.204153</td>\n","      <td>3.353525</td>\n","    </tr>\n","    <tr>\n","      <th>feature_7</th>\n","      <td>1014.0</td>\n","      <td>-1.590139</td>\n","      <td>4.132736</td>\n","      <td>-22.105532</td>\n","      <td>-1.752688</td>\n","      <td>-0.499267</td>\n","      <td>0.441035</td>\n","      <td>11.095089</td>\n","    </tr>\n","    <tr>\n","      <th>feature_8</th>\n","      <td>1014.0</td>\n","      <td>-1.081217</td>\n","      <td>2.389788</td>\n","      <td>-9.498746</td>\n","      <td>-1.752294</td>\n","      <td>-0.355370</td>\n","      <td>0.384618</td>\n","      <td>3.790316</td>\n","    </tr>\n","    <tr>\n","      <th>feature_9</th>\n","      <td>1014.0</td>\n","      <td>2.205249</td>\n","      <td>3.155064</td>\n","      <td>-4.215801</td>\n","      <td>-0.102771</td>\n","      <td>1.231877</td>\n","      <td>4.071282</td>\n","      <td>12.114672</td>\n","    </tr>\n","    <tr>\n","      <th>feature_10</th>\n","      <td>1014.0</td>\n","      <td>-3.401591</td>\n","      <td>6.174194</td>\n","      <td>-31.103685</td>\n","      <td>-5.030390</td>\n","      <td>-1.197893</td>\n","      <td>0.373595</td>\n","      <td>3.114495</td>\n","    </tr>\n","    <tr>\n","      <th>feature_11</th>\n","      <td>1014.0</td>\n","      <td>-0.661382</td>\n","      <td>1.700004</td>\n","      <td>-6.406267</td>\n","      <td>-1.440973</td>\n","      <td>-0.572836</td>\n","      <td>0.101877</td>\n","      <td>6.474115</td>\n","    </tr>\n","    <tr>\n","      <th>feature_12</th>\n","      <td>1014.0</td>\n","      <td>-2.760227</td>\n","      <td>4.475152</td>\n","      <td>-24.588262</td>\n","      <td>-4.480683</td>\n","      <td>-0.783432</td>\n","      <td>0.049302</td>\n","      <td>4.150702</td>\n","    </tr>\n","    <tr>\n","      <th>feature_13</th>\n","      <td>1014.0</td>\n","      <td>0.015963</td>\n","      <td>1.192976</td>\n","      <td>-1.986303</td>\n","      <td>-1.027719</td>\n","      <td>-0.004444</td>\n","      <td>1.067758</td>\n","      <td>1.995652</td>\n","    </tr>\n","    <tr>\n","      <th>feature_14</th>\n","      <td>1014.0</td>\n","      <td>-3.345965</td>\n","      <td>4.654731</td>\n","      <td>-19.214325</td>\n","      <td>-6.570346</td>\n","      <td>-0.819611</td>\n","      <td>0.159993</td>\n","      <td>5.126970</td>\n","    </tr>\n","    <tr>\n","      <th>feature_15</th>\n","      <td>1014.0</td>\n","      <td>-2.240641</td>\n","      <td>5.474686</td>\n","      <td>-30.552380</td>\n","      <td>-2.630179</td>\n","      <td>-0.753968</td>\n","      <td>1.083459</td>\n","      <td>2.342655</td>\n","    </tr>\n","    <tr>\n","      <th>feature_16</th>\n","      <td>1014.0</td>\n","      <td>-2.025119</td>\n","      <td>3.440127</td>\n","      <td>-14.129855</td>\n","      <td>-3.305630</td>\n","      <td>-0.668295</td>\n","      <td>0.288640</td>\n","      <td>3.522100</td>\n","    </tr>\n","    <tr>\n","      <th>feature_17</th>\n","      <td>1014.0</td>\n","      <td>-0.063099</td>\n","      <td>1.019954</td>\n","      <td>-3.507702</td>\n","      <td>-0.759453</td>\n","      <td>-0.113116</td>\n","      <td>0.667593</td>\n","      <td>3.198508</td>\n","    </tr>\n","    <tr>\n","      <th>feature_18</th>\n","      <td>1014.0</td>\n","      <td>1.802130</td>\n","      <td>3.602771</td>\n","      <td>-8.402154</td>\n","      <td>-0.167628</td>\n","      <td>0.962931</td>\n","      <td>2.720325</td>\n","      <td>22.057729</td>\n","    </tr>\n","    <tr>\n","      <th>feature_19</th>\n","      <td>1014.0</td>\n","      <td>1.852025</td>\n","      <td>2.753251</td>\n","      <td>-4.034718</td>\n","      <td>-0.203044</td>\n","      <td>1.066049</td>\n","      <td>3.530596</td>\n","      <td>12.018913</td>\n","    </tr>\n","    <tr>\n","      <th>feature_20</th>\n","      <td>1014.0</td>\n","      <td>0.517751</td>\n","      <td>0.499931</td>\n","      <td>0.000000</td>\n","      <td>0.000000</td>\n","      <td>1.000000</td>\n","      <td>1.000000</td>\n","      <td>1.000000</td>\n","    </tr>\n","    <tr>\n","      <th>class</th>\n","      <td>1014.0</td>\n","      <td>0.485207</td>\n","      <td>0.500028</td>\n","      <td>0.000000</td>\n","      <td>0.000000</td>\n","      <td>0.000000</td>\n","      <td>1.000000</td>\n","      <td>1.000000</td>\n","    </tr>\n","  </tbody>\n","</table>\n","</div>\n","    <div class=\"colab-df-buttons\">\n","\n","  <div class=\"colab-df-container\">\n","    <button class=\"colab-df-convert\" onclick=\"convertToInteractive('df-1b2c914c-682c-409f-8416-87a4c8f13ca6')\"\n","            title=\"Convert this dataframe to an interactive table.\"\n","            style=\"display:none;\">\n","\n","  <svg xmlns=\"http://www.w3.org/2000/svg\" height=\"24px\" viewBox=\"0 -960 960 960\">\n","    <path d=\"M120-120v-720h720v720H120Zm60-500h600v-160H180v160Zm220 220h160v-160H400v160Zm0 220h160v-160H400v160ZM180-400h160v-160H180v160Zm440 0h160v-160H620v160ZM180-180h160v-160H180v160Zm440 0h160v-160H620v160Z\"/>\n","  </svg>\n","    </button>\n","\n","  <style>\n","    .colab-df-container {\n","      display:flex;\n","      gap: 12px;\n","    }\n","\n","    .colab-df-convert {\n","      background-color: #E8F0FE;\n","      border: none;\n","      border-radius: 50%;\n","      cursor: pointer;\n","      display: none;\n","      fill: #1967D2;\n","      height: 32px;\n","      padding: 0 0 0 0;\n","      width: 32px;\n","    }\n","\n","    .colab-df-convert:hover {\n","      background-color: #E2EBFA;\n","      box-shadow: 0px 1px 2px rgba(60, 64, 67, 0.3), 0px 1px 3px 1px rgba(60, 64, 67, 0.15);\n","      fill: #174EA6;\n","    }\n","\n","    .colab-df-buttons div {\n","      margin-bottom: 4px;\n","    }\n","\n","    [theme=dark] .colab-df-convert {\n","      background-color: #3B4455;\n","      fill: #D2E3FC;\n","    }\n","\n","    [theme=dark] .colab-df-convert:hover {\n","      background-color: #434B5C;\n","      box-shadow: 0px 1px 3px 1px rgba(0, 0, 0, 0.15);\n","      filter: drop-shadow(0px 1px 2px rgba(0, 0, 0, 0.3));\n","      fill: #FFFFFF;\n","    }\n","  </style>\n","\n","    <script>\n","      const buttonEl =\n","        document.querySelector('#df-1b2c914c-682c-409f-8416-87a4c8f13ca6 button.colab-df-convert');\n","      buttonEl.style.display =\n","        google.colab.kernel.accessAllowed ? 'block' : 'none';\n","\n","      async function convertToInteractive(key) {\n","        const element = document.querySelector('#df-1b2c914c-682c-409f-8416-87a4c8f13ca6');\n","        const dataTable =\n","          await google.colab.kernel.invokeFunction('convertToInteractive',\n","                                                    [key], {});\n","        if (!dataTable) return;\n","\n","        const docLinkHtml = 'Like what you see? Visit the ' +\n","          '<a target=\"_blank\" href=https://colab.research.google.com/notebooks/data_table.ipynb>data table notebook</a>'\n","          + ' to learn more about interactive tables.';\n","        element.innerHTML = '';\n","        dataTable['output_type'] = 'display_data';\n","        await google.colab.output.renderOutput(dataTable, element);\n","        const docLink = document.createElement('div');\n","        docLink.innerHTML = docLinkHtml;\n","        element.appendChild(docLink);\n","      }\n","    </script>\n","  </div>\n","\n","\n","<div id=\"df-1ffac80b-e470-49f4-99a9-04907fda8684\">\n","  <button class=\"colab-df-quickchart\" onclick=\"quickchart('df-1ffac80b-e470-49f4-99a9-04907fda8684')\"\n","            title=\"Suggest charts\"\n","            style=\"display:none;\">\n","\n","<svg xmlns=\"http://www.w3.org/2000/svg\" height=\"24px\"viewBox=\"0 0 24 24\"\n","     width=\"24px\">\n","    <g>\n","        <path d=\"M19 3H5c-1.1 0-2 .9-2 2v14c0 1.1.9 2 2 2h14c1.1 0 2-.9 2-2V5c0-1.1-.9-2-2-2zM9 17H7v-7h2v7zm4 0h-2V7h2v10zm4 0h-2v-4h2v4z\"/>\n","    </g>\n","</svg>\n","  </button>\n","\n","<style>\n","  .colab-df-quickchart {\n","      --bg-color: #E8F0FE;\n","      --fill-color: #1967D2;\n","      --hover-bg-color: #E2EBFA;\n","      --hover-fill-color: #174EA6;\n","      --disabled-fill-color: #AAA;\n","      --disabled-bg-color: #DDD;\n","  }\n","\n","  [theme=dark] .colab-df-quickchart {\n","      --bg-color: #3B4455;\n","      --fill-color: #D2E3FC;\n","      --hover-bg-color: #434B5C;\n","      --hover-fill-color: #FFFFFF;\n","      --disabled-bg-color: #3B4455;\n","      --disabled-fill-color: #666;\n","  }\n","\n","  .colab-df-quickchart {\n","    background-color: var(--bg-color);\n","    border: none;\n","    border-radius: 50%;\n","    cursor: pointer;\n","    display: none;\n","    fill: var(--fill-color);\n","    height: 32px;\n","    padding: 0;\n","    width: 32px;\n","  }\n","\n","  .colab-df-quickchart:hover {\n","    background-color: var(--hover-bg-color);\n","    box-shadow: 0 1px 2px rgba(60, 64, 67, 0.3), 0 1px 3px 1px rgba(60, 64, 67, 0.15);\n","    fill: var(--button-hover-fill-color);\n","  }\n","\n","  .colab-df-quickchart-complete:disabled,\n","  .colab-df-quickchart-complete:disabled:hover {\n","    background-color: var(--disabled-bg-color);\n","    fill: var(--disabled-fill-color);\n","    box-shadow: none;\n","  }\n","\n","  .colab-df-spinner {\n","    border: 2px solid var(--fill-color);\n","    border-color: transparent;\n","    border-bottom-color: var(--fill-color);\n","    animation:\n","      spin 1s steps(1) infinite;\n","  }\n","\n","  @keyframes spin {\n","    0% {\n","      border-color: transparent;\n","      border-bottom-color: var(--fill-color);\n","      border-left-color: var(--fill-color);\n","    }\n","    20% {\n","      border-color: transparent;\n","      border-left-color: var(--fill-color);\n","      border-top-color: var(--fill-color);\n","    }\n","    30% {\n","      border-color: transparent;\n","      border-left-color: var(--fill-color);\n","      border-top-color: var(--fill-color);\n","      border-right-color: var(--fill-color);\n","    }\n","    40% {\n","      border-color: transparent;\n","      border-right-color: var(--fill-color);\n","      border-top-color: var(--fill-color);\n","    }\n","    60% {\n","      border-color: transparent;\n","      border-right-color: var(--fill-color);\n","    }\n","    80% {\n","      border-color: transparent;\n","      border-right-color: var(--fill-color);\n","      border-bottom-color: var(--fill-color);\n","    }\n","    90% {\n","      border-color: transparent;\n","      border-bottom-color: var(--fill-color);\n","    }\n","  }\n","</style>\n","\n","  <script>\n","    async function quickchart(key) {\n","      const quickchartButtonEl =\n","        document.querySelector('#' + key + ' button');\n","      quickchartButtonEl.disabled = true;  // To prevent multiple clicks.\n","      quickchartButtonEl.classList.add('colab-df-spinner');\n","      try {\n","        const charts = await google.colab.kernel.invokeFunction(\n","            'suggestCharts', [key], {});\n","      } catch (error) {\n","        console.error('Error during call to suggestCharts:', error);\n","      }\n","      quickchartButtonEl.classList.remove('colab-df-spinner');\n","      quickchartButtonEl.classList.add('colab-df-quickchart-complete');\n","    }\n","    (() => {\n","      let quickchartButtonEl =\n","        document.querySelector('#df-1ffac80b-e470-49f4-99a9-04907fda8684 button');\n","      quickchartButtonEl.style.display =\n","        google.colab.kernel.accessAllowed ? 'block' : 'none';\n","    })();\n","  </script>\n","</div>\n","    </div>\n","  </div>\n"]},"metadata":{},"execution_count":5}]},{"cell_type":"code","source":["df.info()"],"metadata":{"colab":{"base_uri":"https://localhost:8080/"},"id":"2CxK4Vj1bELB","executionInfo":{"status":"ok","timestamp":1701267163845,"user_tz":-420,"elapsed":6,"user":{"displayName":"Andrei Yakovlev","userId":"16152126144074724447"}},"outputId":"d53bf13c-a7a4-4c0f-f83a-62ea244e2568"},"execution_count":6,"outputs":[{"output_type":"stream","name":"stdout","text":["<class 'pandas.core.frame.DataFrame'>\n","RangeIndex: 1014 entries, 0 to 1013\n","Data columns (total 22 columns):\n"," #   Column      Non-Null Count  Dtype  \n","---  ------      --------------  -----  \n"," 0   feature_0   1014 non-null   float64\n"," 1   feature_1   1014 non-null   float64\n"," 2   feature_2   1014 non-null   float64\n"," 3   feature_3   1014 non-null   int64  \n"," 4   feature_4   1014 non-null   float64\n"," 5   feature_5   1014 non-null   float64\n"," 6   feature_6   1014 non-null   float64\n"," 7   feature_7   1014 non-null   float64\n"," 8   feature_8   1014 non-null   float64\n"," 9   feature_9   1014 non-null   float64\n"," 10  feature_10  1014 non-null   float64\n"," 11  feature_11  1014 non-null   float64\n"," 12  feature_12  1014 non-null   float64\n"," 13  feature_13  1014 non-null   float64\n"," 14  feature_14  1014 non-null   float64\n"," 15  feature_15  1014 non-null   float64\n"," 16  feature_16  1014 non-null   float64\n"," 17  feature_17  1014 non-null   float64\n"," 18  feature_18  1014 non-null   float64\n"," 19  feature_19  1014 non-null   float64\n"," 20  feature_20  1014 non-null   int64  \n"," 21  class       1014 non-null   int64  \n","dtypes: float64(19), int64(3)\n","memory usage: 174.4 KB\n"]}]},{"cell_type":"code","source":["df.corr()"],"metadata":{"colab":{"base_uri":"https://localhost:8080/","height":759},"id":"d_2Tgf83bEIb","executionInfo":{"status":"ok","timestamp":1701267214838,"user_tz":-420,"elapsed":928,"user":{"displayName":"Andrei Yakovlev","userId":"16152126144074724447"}},"outputId":"da8c3f83-2848-4f1e-eb7e-56201045db60"},"execution_count":7,"outputs":[{"output_type":"execute_result","data":{"text/plain":["            feature_0  feature_1  feature_2  feature_3  feature_4  feature_5  feature_6  feature_7  feature_8  feature_9  feature_10  feature_11  feature_12  feature_13  feature_14  feature_15  feature_16  feature_17  feature_18  feature_19  feature_20     class\n","feature_0    1.000000  -0.445882   0.718022   0.017232  -0.028595   0.876545   0.770567   0.610861   0.799336  -0.840904    0.761964    0.518182    0.885888    0.012229    0.883214    0.599685    0.897690   -0.024251   -0.668025   -0.898814    0.006929 -0.691809\n","feature_1   -0.445882   1.000000  -0.348553   0.012270   0.017090  -0.590349  -0.329847  -0.395517  -0.558050   0.314252   -0.314873   -0.234854   -0.408947    0.010043   -0.356307   -0.304719   -0.614727   -0.033194    0.223118    0.390742   -0.031722  0.254709\n","feature_2    0.718022  -0.348553   1.000000   0.031645  -0.021594   0.767453   0.766485   0.848043   0.762273  -0.714552    0.892111    0.292861    0.870498    0.001883    0.543304    0.890453    0.744511    0.002695   -0.857911   -0.638160    0.021821 -0.478468\n","feature_3    0.017232   0.012270   0.031645   1.000000   0.074552   0.013563  -0.000218   0.045997   0.006293  -0.030137    0.054474    0.043600    0.022474   -0.031177    0.037931    0.042233    0.022531   -0.001895   -0.050620   -0.020982   -0.018044 -0.047126\n","feature_4   -0.028595   0.017090  -0.021594   0.074552   1.000000  -0.023609  -0.013039  -0.013679  -0.021414   0.022988   -0.018203   -0.052200   -0.013554    0.007823   -0.019389   -0.010005   -0.008433    0.044677    0.016908    0.033887    0.001062  0.011787\n","feature_5    0.876545  -0.590349   0.767453   0.013563  -0.023609   1.000000   0.769511   0.737816   0.937778  -0.717879    0.733972    0.432941    0.856962    0.010988    0.736313    0.677331    0.952048   -0.009627   -0.643837   -0.778612    0.008745 -0.564228\n","feature_6    0.770567  -0.329847   0.766485  -0.000218  -0.013039   0.769511   1.000000   0.657127   0.711983  -0.810837    0.775200    0.388337    0.848816   -0.005391    0.691459    0.676298    0.736072   -0.021898   -0.713120   -0.704501    0.027989 -0.572572\n","feature_7    0.610861  -0.395517   0.848043   0.045997  -0.013679   0.737816   0.657127   1.000000   0.741248  -0.580573    0.853987    0.319595    0.756559    0.016937    0.423446    0.872660    0.684658    0.031234   -0.800912   -0.520505    0.038109 -0.366902\n","feature_8    0.799336  -0.558050   0.762273   0.006293  -0.021414   0.937778   0.711983   0.741248   1.000000  -0.653367    0.701645    0.370574    0.803776    0.011265    0.627271    0.674117    0.903918   -0.007335   -0.623076   -0.680604    0.008239 -0.473546\n","feature_9   -0.840904   0.314252  -0.714552  -0.030137   0.022988  -0.717879  -0.810837  -0.580573  -0.653367   1.000000   -0.776178   -0.461935   -0.804429   -0.019210   -0.802344   -0.631554   -0.734399    0.047913    0.698830    0.800294   -0.021887  0.719401\n","feature_10   0.761964  -0.314873   0.892111   0.054474  -0.018203   0.733972   0.775200   0.853987   0.701645  -0.776178    1.000000    0.485425    0.859326    0.006734    0.653544    0.885073    0.723790    0.004157   -0.868778   -0.709210    0.025575 -0.571334\n","feature_11   0.518182  -0.234854   0.292861   0.043600  -0.052200   0.432941   0.388337   0.319595   0.370574  -0.461935    0.485425    1.000000    0.444316    0.017122    0.547372    0.326795    0.442111   -0.007767   -0.300251   -0.511275   -0.015874 -0.420725\n","feature_12   0.885888  -0.408947   0.870498   0.022474  -0.013554   0.856962   0.848816   0.756559   0.803776  -0.804429    0.859326    0.444316    1.000000    0.000661    0.762816    0.753496    0.857855   -0.014900   -0.780840   -0.805340    0.017265 -0.633051\n","feature_13   0.012229   0.010043   0.001883  -0.031177   0.007823   0.010988  -0.005391   0.016937   0.011265  -0.019210    0.006734    0.017122    0.000661    1.000000    0.039583    0.007556    0.022248   -0.032477   -0.033540   -0.022582   -0.039981 -0.030377\n","feature_14   0.883214  -0.356307   0.543304   0.037931  -0.019389   0.736313   0.691459   0.423446   0.627271  -0.802344    0.653544    0.547372    0.762816    0.039583    1.000000    0.448404    0.779196   -0.031586   -0.563636   -0.888908   -0.007317 -0.756599\n","feature_15   0.599685  -0.304719   0.890453   0.042233  -0.010005   0.677331   0.676298   0.872660   0.674117  -0.631554    0.885073    0.326795    0.753496    0.007556    0.448404    1.000000    0.640185    0.008960   -0.841044   -0.532869    0.027236 -0.449104\n","feature_16   0.897690  -0.614727   0.744511   0.022531  -0.008433   0.952048   0.736072   0.684658   0.903918  -0.734399    0.723790    0.442111    0.857855    0.022248    0.779196    0.640185    1.000000   -0.006981   -0.632870   -0.806100    0.001812 -0.597120\n","feature_17  -0.024251  -0.033194   0.002695  -0.001895   0.044677  -0.009627  -0.021898   0.031234  -0.007335   0.047913    0.004157   -0.007767   -0.014900   -0.032477   -0.031586    0.008960   -0.006981    1.000000   -0.013388    0.033891    0.001195  0.044668\n","feature_18  -0.668025   0.223118  -0.857911  -0.050620   0.016908  -0.643837  -0.713120  -0.800912  -0.623076   0.698830   -0.868778   -0.300251   -0.780840   -0.033540   -0.563636   -0.841044   -0.632870   -0.013388    1.000000    0.618345   -0.032658  0.491122\n","feature_19  -0.898814   0.390742  -0.638160  -0.020982   0.033887  -0.778612  -0.704501  -0.520505  -0.680604   0.800294   -0.709210   -0.511275   -0.805340   -0.022582   -0.888908   -0.532869   -0.806100    0.033891    0.618345    1.000000    0.008680  0.687286\n","feature_20   0.006929  -0.031722   0.021821  -0.018044   0.001062   0.008745   0.027989   0.038109   0.008239  -0.021887    0.025575   -0.015874    0.017265   -0.039981   -0.007317    0.027236    0.001812    0.001195   -0.032658    0.008680    1.000000  0.016847\n","class       -0.691809   0.254709  -0.478468  -0.047126   0.011787  -0.564228  -0.572572  -0.366902  -0.473546   0.719401   -0.571334   -0.420725   -0.633051   -0.030377   -0.756599   -0.449104   -0.597120    0.044668    0.491122    0.687286    0.016847  1.000000"],"text/html":["\n","  <div id=\"df-449e27ba-2626-41fd-9610-851c00ec5eea\" class=\"colab-df-container\">\n","    <div>\n","<style scoped>\n","    .dataframe tbody tr th:only-of-type {\n","        vertical-align: middle;\n","    }\n","\n","    .dataframe tbody tr th {\n","        vertical-align: top;\n","    }\n","\n","    .dataframe thead th {\n","        text-align: right;\n","    }\n","</style>\n","<table border=\"1\" class=\"dataframe\">\n","  <thead>\n","    <tr style=\"text-align: right;\">\n","      <th></th>\n","      <th>feature_0</th>\n","      <th>feature_1</th>\n","      <th>feature_2</th>\n","      <th>feature_3</th>\n","      <th>feature_4</th>\n","      <th>feature_5</th>\n","      <th>feature_6</th>\n","      <th>feature_7</th>\n","      <th>feature_8</th>\n","      <th>feature_9</th>\n","      <th>feature_10</th>\n","      <th>feature_11</th>\n","      <th>feature_12</th>\n","      <th>feature_13</th>\n","      <th>feature_14</th>\n","      <th>feature_15</th>\n","      <th>feature_16</th>\n","      <th>feature_17</th>\n","      <th>feature_18</th>\n","      <th>feature_19</th>\n","      <th>feature_20</th>\n","      <th>class</th>\n","    </tr>\n","  </thead>\n","  <tbody>\n","    <tr>\n","      <th>feature_0</th>\n","      <td>1.000000</td>\n","      <td>-0.445882</td>\n","      <td>0.718022</td>\n","      <td>0.017232</td>\n","      <td>-0.028595</td>\n","      <td>0.876545</td>\n","      <td>0.770567</td>\n","      <td>0.610861</td>\n","      <td>0.799336</td>\n","      <td>-0.840904</td>\n","      <td>0.761964</td>\n","      <td>0.518182</td>\n","      <td>0.885888</td>\n","      <td>0.012229</td>\n","      <td>0.883214</td>\n","      <td>0.599685</td>\n","      <td>0.897690</td>\n","      <td>-0.024251</td>\n","      <td>-0.668025</td>\n","      <td>-0.898814</td>\n","      <td>0.006929</td>\n","      <td>-0.691809</td>\n","    </tr>\n","    <tr>\n","      <th>feature_1</th>\n","      <td>-0.445882</td>\n","      <td>1.000000</td>\n","      <td>-0.348553</td>\n","      <td>0.012270</td>\n","      <td>0.017090</td>\n","      <td>-0.590349</td>\n","      <td>-0.329847</td>\n","      <td>-0.395517</td>\n","      <td>-0.558050</td>\n","      <td>0.314252</td>\n","      <td>-0.314873</td>\n","      <td>-0.234854</td>\n","      <td>-0.408947</td>\n","      <td>0.010043</td>\n","      <td>-0.356307</td>\n","      <td>-0.304719</td>\n","      <td>-0.614727</td>\n","      <td>-0.033194</td>\n","      <td>0.223118</td>\n","      <td>0.390742</td>\n","      <td>-0.031722</td>\n","      <td>0.254709</td>\n","    </tr>\n","    <tr>\n","      <th>feature_2</th>\n","      <td>0.718022</td>\n","      <td>-0.348553</td>\n","      <td>1.000000</td>\n","      <td>0.031645</td>\n","      <td>-0.021594</td>\n","      <td>0.767453</td>\n","      <td>0.766485</td>\n","      <td>0.848043</td>\n","      <td>0.762273</td>\n","      <td>-0.714552</td>\n","      <td>0.892111</td>\n","      <td>0.292861</td>\n","      <td>0.870498</td>\n","      <td>0.001883</td>\n","      <td>0.543304</td>\n","      <td>0.890453</td>\n","      <td>0.744511</td>\n","      <td>0.002695</td>\n","      <td>-0.857911</td>\n","      <td>-0.638160</td>\n","      <td>0.021821</td>\n","      <td>-0.478468</td>\n","    </tr>\n","    <tr>\n","      <th>feature_3</th>\n","      <td>0.017232</td>\n","      <td>0.012270</td>\n","      <td>0.031645</td>\n","      <td>1.000000</td>\n","      <td>0.074552</td>\n","      <td>0.013563</td>\n","      <td>-0.000218</td>\n","      <td>0.045997</td>\n","      <td>0.006293</td>\n","      <td>-0.030137</td>\n","      <td>0.054474</td>\n","      <td>0.043600</td>\n","      <td>0.022474</td>\n","      <td>-0.031177</td>\n","      <td>0.037931</td>\n","      <td>0.042233</td>\n","      <td>0.022531</td>\n","      <td>-0.001895</td>\n","      <td>-0.050620</td>\n","      <td>-0.020982</td>\n","      <td>-0.018044</td>\n","      <td>-0.047126</td>\n","    </tr>\n","    <tr>\n","      <th>feature_4</th>\n","      <td>-0.028595</td>\n","      <td>0.017090</td>\n","      <td>-0.021594</td>\n","      <td>0.074552</td>\n","      <td>1.000000</td>\n","      <td>-0.023609</td>\n","      <td>-0.013039</td>\n","      <td>-0.013679</td>\n","      <td>-0.021414</td>\n","      <td>0.022988</td>\n","      <td>-0.018203</td>\n","      <td>-0.052200</td>\n","      <td>-0.013554</td>\n","      <td>0.007823</td>\n","      <td>-0.019389</td>\n","      <td>-0.010005</td>\n","      <td>-0.008433</td>\n","      <td>0.044677</td>\n","      <td>0.016908</td>\n","      <td>0.033887</td>\n","      <td>0.001062</td>\n","      <td>0.011787</td>\n","    </tr>\n","    <tr>\n","      <th>feature_5</th>\n","      <td>0.876545</td>\n","      <td>-0.590349</td>\n","      <td>0.767453</td>\n","      <td>0.013563</td>\n","      <td>-0.023609</td>\n","      <td>1.000000</td>\n","      <td>0.769511</td>\n","      <td>0.737816</td>\n","      <td>0.937778</td>\n","      <td>-0.717879</td>\n","      <td>0.733972</td>\n","      <td>0.432941</td>\n","      <td>0.856962</td>\n","      <td>0.010988</td>\n","      <td>0.736313</td>\n","      <td>0.677331</td>\n","      <td>0.952048</td>\n","      <td>-0.009627</td>\n","      <td>-0.643837</td>\n","      <td>-0.778612</td>\n","      <td>0.008745</td>\n","      <td>-0.564228</td>\n","    </tr>\n","    <tr>\n","      <th>feature_6</th>\n","      <td>0.770567</td>\n","      <td>-0.329847</td>\n","      <td>0.766485</td>\n","      <td>-0.000218</td>\n","      <td>-0.013039</td>\n","      <td>0.769511</td>\n","      <td>1.000000</td>\n","      <td>0.657127</td>\n","      <td>0.711983</td>\n","      <td>-0.810837</td>\n","      <td>0.775200</td>\n","      <td>0.388337</td>\n","      <td>0.848816</td>\n","      <td>-0.005391</td>\n","      <td>0.691459</td>\n","      <td>0.676298</td>\n","      <td>0.736072</td>\n","      <td>-0.021898</td>\n","      <td>-0.713120</td>\n","      <td>-0.704501</td>\n","      <td>0.027989</td>\n","      <td>-0.572572</td>\n","    </tr>\n","    <tr>\n","      <th>feature_7</th>\n","      <td>0.610861</td>\n","      <td>-0.395517</td>\n","      <td>0.848043</td>\n","      <td>0.045997</td>\n","      <td>-0.013679</td>\n","      <td>0.737816</td>\n","      <td>0.657127</td>\n","      <td>1.000000</td>\n","      <td>0.741248</td>\n","      <td>-0.580573</td>\n","      <td>0.853987</td>\n","      <td>0.319595</td>\n","      <td>0.756559</td>\n","      <td>0.016937</td>\n","      <td>0.423446</td>\n","      <td>0.872660</td>\n","      <td>0.684658</td>\n","      <td>0.031234</td>\n","      <td>-0.800912</td>\n","      <td>-0.520505</td>\n","      <td>0.038109</td>\n","      <td>-0.366902</td>\n","    </tr>\n","    <tr>\n","      <th>feature_8</th>\n","      <td>0.799336</td>\n","      <td>-0.558050</td>\n","      <td>0.762273</td>\n","      <td>0.006293</td>\n","      <td>-0.021414</td>\n","      <td>0.937778</td>\n","      <td>0.711983</td>\n","      <td>0.741248</td>\n","      <td>1.000000</td>\n","      <td>-0.653367</td>\n","      <td>0.701645</td>\n","      <td>0.370574</td>\n","      <td>0.803776</td>\n","      <td>0.011265</td>\n","      <td>0.627271</td>\n","      <td>0.674117</td>\n","      <td>0.903918</td>\n","      <td>-0.007335</td>\n","      <td>-0.623076</td>\n","      <td>-0.680604</td>\n","      <td>0.008239</td>\n","      <td>-0.473546</td>\n","    </tr>\n","    <tr>\n","      <th>feature_9</th>\n","      <td>-0.840904</td>\n","      <td>0.314252</td>\n","      <td>-0.714552</td>\n","      <td>-0.030137</td>\n","      <td>0.022988</td>\n","      <td>-0.717879</td>\n","      <td>-0.810837</td>\n","      <td>-0.580573</td>\n","      <td>-0.653367</td>\n","      <td>1.000000</td>\n","      <td>-0.776178</td>\n","      <td>-0.461935</td>\n","      <td>-0.804429</td>\n","      <td>-0.019210</td>\n","      <td>-0.802344</td>\n","      <td>-0.631554</td>\n","      <td>-0.734399</td>\n","      <td>0.047913</td>\n","      <td>0.698830</td>\n","      <td>0.800294</td>\n","      <td>-0.021887</td>\n","      <td>0.719401</td>\n","    </tr>\n","    <tr>\n","      <th>feature_10</th>\n","      <td>0.761964</td>\n","      <td>-0.314873</td>\n","      <td>0.892111</td>\n","      <td>0.054474</td>\n","      <td>-0.018203</td>\n","      <td>0.733972</td>\n","      <td>0.775200</td>\n","      <td>0.853987</td>\n","      <td>0.701645</td>\n","      <td>-0.776178</td>\n","      <td>1.000000</td>\n","      <td>0.485425</td>\n","      <td>0.859326</td>\n","      <td>0.006734</td>\n","      <td>0.653544</td>\n","      <td>0.885073</td>\n","      <td>0.723790</td>\n","      <td>0.004157</td>\n","      <td>-0.868778</td>\n","      <td>-0.709210</td>\n","      <td>0.025575</td>\n","      <td>-0.571334</td>\n","    </tr>\n","    <tr>\n","      <th>feature_11</th>\n","      <td>0.518182</td>\n","      <td>-0.234854</td>\n","      <td>0.292861</td>\n","      <td>0.043600</td>\n","      <td>-0.052200</td>\n","      <td>0.432941</td>\n","      <td>0.388337</td>\n","      <td>0.319595</td>\n","      <td>0.370574</td>\n","      <td>-0.461935</td>\n","      <td>0.485425</td>\n","      <td>1.000000</td>\n","      <td>0.444316</td>\n","      <td>0.017122</td>\n","      <td>0.547372</td>\n","      <td>0.326795</td>\n","      <td>0.442111</td>\n","      <td>-0.007767</td>\n","      <td>-0.300251</td>\n","      <td>-0.511275</td>\n","      <td>-0.015874</td>\n","      <td>-0.420725</td>\n","    </tr>\n","    <tr>\n","      <th>feature_12</th>\n","      <td>0.885888</td>\n","      <td>-0.408947</td>\n","      <td>0.870498</td>\n","      <td>0.022474</td>\n","      <td>-0.013554</td>\n","      <td>0.856962</td>\n","      <td>0.848816</td>\n","      <td>0.756559</td>\n","      <td>0.803776</td>\n","      <td>-0.804429</td>\n","      <td>0.859326</td>\n","      <td>0.444316</td>\n","      <td>1.000000</td>\n","      <td>0.000661</td>\n","      <td>0.762816</td>\n","      <td>0.753496</td>\n","      <td>0.857855</td>\n","      <td>-0.014900</td>\n","      <td>-0.780840</td>\n","      <td>-0.805340</td>\n","      <td>0.017265</td>\n","      <td>-0.633051</td>\n","    </tr>\n","    <tr>\n","      <th>feature_13</th>\n","      <td>0.012229</td>\n","      <td>0.010043</td>\n","      <td>0.001883</td>\n","      <td>-0.031177</td>\n","      <td>0.007823</td>\n","      <td>0.010988</td>\n","      <td>-0.005391</td>\n","      <td>0.016937</td>\n","      <td>0.011265</td>\n","      <td>-0.019210</td>\n","      <td>0.006734</td>\n","      <td>0.017122</td>\n","      <td>0.000661</td>\n","      <td>1.000000</td>\n","      <td>0.039583</td>\n","      <td>0.007556</td>\n","      <td>0.022248</td>\n","      <td>-0.032477</td>\n","      <td>-0.033540</td>\n","      <td>-0.022582</td>\n","      <td>-0.039981</td>\n","      <td>-0.030377</td>\n","    </tr>\n","    <tr>\n","      <th>feature_14</th>\n","      <td>0.883214</td>\n","      <td>-0.356307</td>\n","      <td>0.543304</td>\n","      <td>0.037931</td>\n","      <td>-0.019389</td>\n","      <td>0.736313</td>\n","      <td>0.691459</td>\n","      <td>0.423446</td>\n","      <td>0.627271</td>\n","      <td>-0.802344</td>\n","      <td>0.653544</td>\n","      <td>0.547372</td>\n","      <td>0.762816</td>\n","      <td>0.039583</td>\n","      <td>1.000000</td>\n","      <td>0.448404</td>\n","      <td>0.779196</td>\n","      <td>-0.031586</td>\n","      <td>-0.563636</td>\n","      <td>-0.888908</td>\n","      <td>-0.007317</td>\n","      <td>-0.756599</td>\n","    </tr>\n","    <tr>\n","      <th>feature_15</th>\n","      <td>0.599685</td>\n","      <td>-0.304719</td>\n","      <td>0.890453</td>\n","      <td>0.042233</td>\n","      <td>-0.010005</td>\n","      <td>0.677331</td>\n","      <td>0.676298</td>\n","      <td>0.872660</td>\n","      <td>0.674117</td>\n","      <td>-0.631554</td>\n","      <td>0.885073</td>\n","      <td>0.326795</td>\n","      <td>0.753496</td>\n","      <td>0.007556</td>\n","      <td>0.448404</td>\n","      <td>1.000000</td>\n","      <td>0.640185</td>\n","      <td>0.008960</td>\n","      <td>-0.841044</td>\n","      <td>-0.532869</td>\n","      <td>0.027236</td>\n","      <td>-0.449104</td>\n","    </tr>\n","    <tr>\n","      <th>feature_16</th>\n","      <td>0.897690</td>\n","      <td>-0.614727</td>\n","      <td>0.744511</td>\n","      <td>0.022531</td>\n","      <td>-0.008433</td>\n","      <td>0.952048</td>\n","      <td>0.736072</td>\n","      <td>0.684658</td>\n","      <td>0.903918</td>\n","      <td>-0.734399</td>\n","      <td>0.723790</td>\n","      <td>0.442111</td>\n","      <td>0.857855</td>\n","      <td>0.022248</td>\n","      <td>0.779196</td>\n","      <td>0.640185</td>\n","      <td>1.000000</td>\n","      <td>-0.006981</td>\n","      <td>-0.632870</td>\n","      <td>-0.806100</td>\n","      <td>0.001812</td>\n","      <td>-0.597120</td>\n","    </tr>\n","    <tr>\n","      <th>feature_17</th>\n","      <td>-0.024251</td>\n","      <td>-0.033194</td>\n","      <td>0.002695</td>\n","      <td>-0.001895</td>\n","      <td>0.044677</td>\n","      <td>-0.009627</td>\n","      <td>-0.021898</td>\n","      <td>0.031234</td>\n","      <td>-0.007335</td>\n","      <td>0.047913</td>\n","      <td>0.004157</td>\n","      <td>-0.007767</td>\n","      <td>-0.014900</td>\n","      <td>-0.032477</td>\n","      <td>-0.031586</td>\n","      <td>0.008960</td>\n","      <td>-0.006981</td>\n","      <td>1.000000</td>\n","      <td>-0.013388</td>\n","      <t